232024162
263110431
292236837
35044651
18187622
1246537958
3268670106
6131548
869565327
240149356
508839693
15111621
178542504
27243106
543348457
14800338561
181712705
15869809
210750933
3503951
603075942
273632403
1319033561
2910793750
671139752
910811823
249398106
1946585683
4100743
1282864537
267080192
270739417
174128621
260991768
1540792116
2280347757
201482203
1516211071
7129711332
4571225728
230077202
398345078
1963045040
24845589
1429247540
943368
2348812797
4372452426
349733985
246912268
280968413
227497518
1328250636
5984789844
1485438938
1680874230
645220040
223717911
293369336
241925115
1720416472
5684783068
1049139485
179444312
364724033
23401727
145962195
6760427
300425749
224998845
1369765470
37551480
315768702
3859569796
43250659
643876791
244948681
1514754727
732510392
36991474
297442487
1490643913
298594028
389412825
2058739834
374788523
498285517
39096601
8630260
26332193859
296102690
2237201282
421472395
264159192
476719693
2843021215
406481723
288241087
1032649389
496036160
